48
51
54
57
60
64
68
72
76
80
85
90
95
100
105
111
117
123
129
135
142
149
156
163
170
178
186
194
202
210
219
228
237
246
255
265
275
285
295
305
316
327
338
349
360
372
384
396
408
420
433
446
459
472
485
499
513
527
541
555
570
585
600
615
630
646
662
678
694
710
727
744
761
778
795
813
831
849
867
885
904
923
942
961
980
1000
1020
1040
1060
1080
1101
1122
1143
1164
1185
1207
1229
1251
1273
1295
1318
1341
1364
1387
1410
1434
1458
1482
1506
1530
1555
1580
1605
1630
1655
1681
1707
1733
1759
1785
1812
1839
1866
1893
1920
1948
1976
2004
2032
2060
2089
2118
2147
2176
2205
2235
2265
2295
2325
2355
2386
2417
2448
2479
2510
2542
2574
2606
2638
2670
2703
2736
2769
2802
2835
2869
2903
2937
2971
3005
3040
3075
3110
3145
3180
3216
3252
3288
3324
3360
3397
3434
3471
3508
3545
3583
3621
3659
3697
3735
3774
3813
3852
3891
3930
3970
4010
4050
4090
4130
4171
4212
4253
4294
4335
4377
4419
4461
4503
4545
4550
4600
4650
4700
4750
4800
4850
4900
4950
5000
5050
5100
5150
5200
5250
5300
5350
5400
5450
5500
5550
5600
5650
5700
5750
5800
5850
5900
5950
6000
6050
6100
6150
6200
6250
6300
6350
6400
6450
6500
6550
6600
6650
6700
6750
6800
6850
6900
6950
7000
7050
7100
7150
7200
7250
7300
7350
7400
7450
7500
7550
7600
7650
7700
7750
7800
7850
7900
7950
8000
8050
8100
8150
8200
8250
8300
8350
8400
8450
8500
8550
8600
8650
8700
8750
8800
8850
8900
8950
9000
9050
9100
9150
9200
9250
9300
9350
9400
9450
9500
9550
9600
9650
9700
9750
9800
9850
9900
9950
10000
10050
10100
10150
10200
10250
10300
10350
10400
10450
10500
10550
10600
10650
10700
10750
10800
10850
10900
10950
11000
11050
11100
11150
11200
11250
11300
11350
11400
11450
11500
11550
11600
11650
11700
11750
11800
11850
11900
11950
12000
12050
12100
12150
12200
12250
12300
12350
12400
12450
12500
12550
12600
12650
12700
12750
12800
12850
12900
12950
13000
13000
13000
13000
13000
13000
13000
13000
13000
13000
13000
13000
13000
13000
13000
13000
13000
13000
13000
13000
13000
13000
13000
13000
13000
13000
13000
13000
13000
13000
13000
13000
13000
13000
13000
13000
13000
13000
13000
13000
13000
13000
13000
13000
13000
13000
13000
13000
13000
13000
13000
13000
13000
13000
13000
13000
13000
13000
13000
13000
13000
13000
13000
13000
13000
13000
13000
13000
13000
13000
13000
13000
13000
13000
13000
13000
13000
13000
13000
13000
13000
13000
13000
13000
13000
13000
13000
13000
13000
13000
13000
13000
13000
13000
13000
13000
13000
13000
13000
13000
13000
13000
13000
13000
13000
13000
13000
13000
13000
13000
13000
13000
13000
13000
13000
13000
13000
13000
13000
13000
13000
13000
13000
13000
13000
13000
13000
13000
13000
13000
13000
13000
13000
13000
13000
13000
13000
13000
13000
13000
13000
13000
13000
13000
13000
13000
13000
13000
13000
13000
13000
13000
13000
13000
13000
13000
13000
13000
13000
13000
13000
13000
13000
13000
13000
13000
13000
13000
13000
13000
13000
13000
13000
13000
13000
13000
13000
13000
13000
13000
13000
13000
13000
13000
13000
13000
13000
13000
13000
13000
13000
13000
13000
13000
13000
13000
13000
13000
13000
13000
13000
13000
13000
13000
13000
13000
13000
13000
13000
13000
13000
13000
13000
13000
13000
13000
13000
13000
13000
13000
13000
13000
13000
13000
13000
13000
13000
13000
13000
13000
13000
/*20510
20520
20530
20540
20550
20560
20570
20580
20590
20600
20610
20620
20630
20640
20650
20660
20670
20680
20690
20700
20710
20720
20730
20740
20750
20760
20770
20780
20790
20800
20810
20820
20830
20840
20850
20860
20870
20880
20890
20900
20910
20920
20930
20940
20950
20960
20970
20980
20990
21000
21010
21020
21030
21040
21050
21060
21070
21080
21090
21100
21110
21120
21130
21140
21150
21160
21170
21180
21190
21200
21210
21220
21230
21240
21250
21260
21270
21280
21290
21300
21310
21320
21330
21340
21350
21360
21370
21380
21390
21400
21410
21420
21430
21440
21450
21460
21470
21480
21490
21500
21510
21520
21530
21540
21550
21560
21570
21580
21590
21600
21610
21620
21630
21640
21650
21660
21670
21680
21690
21700
21710
21720
21730
21740
21750
21760
21770
21780
21790
21800
21810
21820
21830
21840
21850
21860
21870
21880
21890
21900
21910
21920
21930
21940
21950
21960
21970
21980
21990
22000
22010
22020
22030
22040
22050
22060
22070
22080
22090
22100
22110
22120
22130
22140
22150
22160
22170
22180
22190
22200
22210
22220
22230
22240
22250
22260
22270
22280
22290
22300
22310
22320
22330
22340
22350
22360
22370
22380
22390
22400
22410
22420
22430
22440
22450
22460
22470
22480
22490
22500
22510
22520
22530
22540
22550
22560
22570
22580
22590
22600
22610
22620
22630
22640
22650
22660
22670
22680
22690
22700
22710
22720
22730
22740
22750
22760
22770
22780
22790
22800
22810
22820
22830
22840
22850
22860
22870
22880
22890
22900
22910
22920
22930
22940
22950
22960
22970
22980
22990
23000
23010
23020
23030
23040
23050
23060
23070
23080
23090
23100
23110
23120
23130
23140
23150
23160
23170
23180
23190
23200
23210
23220
23230
23240
23250
23260
23270
23280
23290
23300
23310
23320
23330
23340
23350
23360
23370
23380
23390
23400
23410
23420
23430
23440
23450
23460
23470
23480
23490
23500
23500
23500
23500
23500
23500
23500
23500
23500
23500
23500
23500
23500
23500
23500
23500
23500
23500
23500
23500
23500
23500
23500
23500
23500
23500
23500
23500
23500
23500
23500
23500
23500
23500
23500
23500
23500
23500
23500
23500
23500
23500
23500
23500
23500
23500
23500
23500
23500
23500
23500
23500
23500
23500
23500
23500
23500
23500
23500
23500
23500
23500
23500
23500
23500
23500
23500
23500
23500
23500
23500
23500
23500
23500
23500
23500
23500
23500
23500
23500
23500
23500
23500
23500
23500
23500
23500
23500
23500
23500
23500
23500
23500
23500
23500
23500
23500
23500
23500
23500
*/
